start_frame	hold_position	ramus_mandible	hyoid_burst	ues_closure	at_rest	end_frame	si_point1_x	si_point1_y	si_point2_x	si_point2_y	pixelspercm	frameRate	lvc_onset	lvc_offset	laryngeal_jump	ues_opening	uesd_dist	nrrs_valres_area	nrrs_totalval_area	nrrs_pirires_area	nrrs_totalpiri_area	pcr_min_area	pcr_max_area	pas	pas_classifiers															
1	3	7	10	19	28	19						30.9767437													0															
FrameNumber	Mandible_x	Mandible_y	Hard_Palate_x	Hard_Palate_y	C1_x	C1_y	C2_x	C2_y	C4_x	C4_y	UES_x	UES_y	PostCric_x	PostCric_y	AntCric_x	AntCric_y	Hyoid_x	Hyoid_y	Valleculae_x	Valleculae_y	SPC_x	SPC_y	MPC_x	MPC_y	Landmark_13_x	Landmark_13_y	Landmark_14_x	Landmark_14_y	Landmark_15_x	Landmark_15_y	Landmark_16_x	Landmark_16_y	Landmark_17_x	Landmark_17_y	Landmark_18_x	Landmark_18_y	Landmark_19_x	Landmark_19_y	Landmark_20_x	Landmark_20_y
1	275	255	311	357	383	334	402.0404235	280.2685274	418	233	400	217	397	201	376	198	349	238	372	264	0	481	0	481	0	481	0	481	0	481	0	481	0	481	0	481	0	481	0	481
2	274.1210327	255.4973297	310.9016724	356.8858109	382.7996216	334.0576019	402.0404235	280.2685274	417.9138184	233.1065674	399.9425964	217.1369629	396.8100586	201.2288208	375.865509	198.2680969	348.8900757	238.3269501	370.9321594	264.1181335	0	481	0	481	0	481	0	481	0	481	0	481	0	481	0	481	0	481	0	481
3	273.5934448	255.753067	310.5029907	356.9023666	382.4562988	334.1058807	402.0404235	280.2685274	417.8262329	233.2121582	399.9033813	217.5265808	395.9143328	200.7568389	376.2328391	198.8115502	348.7126465	238.8366089	369.8818054	264.5285645	0	481	0	481	0	481	0	481	0	481	0	481	0	481	0	481	0	481	0	481
4	273.2992859	255.8273163	310.572113	356.7535248	382.2772522	334.0090637	402.0404235	280.2685274	417.6940613	233.354126	399.7231445	218.1810608	395.9143328	203.674772	376.2328391	199.7841945	348.5963745	239.6142883	369.461792	265.2680359	0	481	0	481	0	481	0	481	0	481	0	481	0	481	0	481	0	481	0	481
5	273.1451111	255.7542572	310.9513855	356.4901199	382.0560303	333.8570862	402.0404235	280.2685274	417.5505676	233.4599915	399.4927673	219.7826538	395.9143328	207.0790274	376.2328391	201.2431611	348.4062805	240.8243103	369.616272	266.4513397	0	481	0	481	0	481	0	481	0	481	0	481	0	481	0	481	0	481	0	481
6	273.1951599	255.6330872	311.0107727	356.4414291	381.7305603	333.7371521	402.0404235	280.2685274	417.3777161	233.5838928	398.0230643	228.4772036	395.9143328	210.4832827	376.2328391	204.6474164	348.81933	246.9574468	372.0153762	270.3009119	0	481	0	481	0	481	0	481	0	481	0	481	0	481	0	481	0	481	0	481
7	273.2742615	255.5114136	311.2790527	356.4697952	381.5603943	333.4267578	402.0404235	280.2685274	417.3340454	233.7464142	398.0230643	235.7720365	393.8056013	219.7234043	374.8270181	212.9148936	348.81933	248.4164134	372.0153762	273.7051672	0	481	0	481	0	481	0	481	0	481	0	481	0	481	0	481	0	481	0	481
8	273.3355103	255.3832092	311.3152161	356.2469635	381.7937927	333.2886963	402.0404235	280.2685274	417.3764343	233.8110352	395.2114223	250.3617021	393.1026908	223.1276596	374.8270181	217.2917933	347.4135091	249.3890578	372.0153762	274.6778116	0	481	0	481	0	481	0	481	0	481	0	481	0	481	0	481	0	481	0	481
9	273.4710388	255.1507111	311.2197571	356.0059891	381.7289124	333.2632446	402.0404235	280.2685274	417.3129883	233.8061981	393.1026908	255.224924	389.5881384	227.0182371	372.7182867	221.1823708	345.3047776	249.3890578	372.0153762	274.6778116	0	481	0	481	0	481	0	481	0	481	0	481	0	481	0	481	0	481	0	481
10	273.5384521	254.670517	311.0743103	355.7926788	381.5776978	333.0272064	402.0404235	280.2685274	417.2541199	233.7671967	393.1026908	256.1975684	390.9939594	227.9908815	368.5008237	223.6139818	345.3047776	249.3890578	372.7182867	274.6778116	0	481	0	481	0	481	0	481	0	481	0	481	0	481	0	481	0	481	0	481
11	273.6392212	253.992157	310.7989502	355.5671616	381.3700562	332.9456482	402.0404235	280.2685274	417.2276306	233.6086731	393.1026908	256.6838906	389.5881384	231.881459	366.3920923	226.0455927	343.8989566	249.3890578	374.8270181	275.6504559	0	481	0	481	0	481	0	481	0	481	0	481	0	481	0	481	0	481	0	481
12	273.9477844	253.373291	310.7231445	355.526947	381.0724182	332.9217987	402.0404235	280.2685274	417.1991882	233.5014191	393.1026908	257.1702128	388.8852279	232.8541033	364.2833608	227.0182371	343.8989566	249.3890578	379.0444811	277.1094225	0	481	0	481	0	481	0	481	0	481	0	481	0	481	0	481	0	481	0	481
13	274.1271973	252.5749207	310.2277222	355.5042496	381.1412659	333.0806122	402.0404235	280.2685274	417.1685791	233.2751312	393.1026908	257.656535	385.3706755	235.7720365	364.2833608	227.5045593	343.1960461	249.3890578	382.5590335	277.5957447	0	481	0	481	0	481	0	481	0	481	0	481	0	481	0	481	0	481	0	481
14	274.6596375	251.918396	310.1206055	355.4911346	381.1607056	333.1333008	402.0404235	280.2685274	417.2912903	232.9872131	393.8056013	257.1702128	384.667765	236.7446809	363.5804503	229.449848	341.7902252	249.3890578	383.261944	278.5683891	0	481	0	481	0	481	0	481	0	481	0	481	0	481	0	481	0	481	0	481
15	275.3322449	250.9754028	310.04599	355.5889511	381.1087341	333.2704468	402.0404235	280.2685274	417.512085	232.7667084	395.2114223	257.1702128	383.261944	239.662614	363.5804503	231.881459	341.7902252	249.3890578	385.3706755	278.5683891	0	481	0	481	0	481	0	481	0	481	0	481	0	481	0	481	0	481	0	481
16	276.2227478	249.8048096	309.9418945	355.5914993	380.9775696	333.1282959	402.0404235	280.2685274	417.6248169	232.7097321	395.9143328	257.1702128	383.261944	241.1215805	362.1746293	234.7993921	338.9785832	250.3617021	385.3706755	278.5683891	0	481	0	481	0	481	0	481	0	481	0	481	0	481	0	481	0	481	0	481
17	277.3191833	248.513443	309.7510376	355.7216873	380.8262634	333.0515137	402.0404235	280.2685274	417.6128235	232.4515991	395.9143328	257.1702128	381.1532125	243.0668693	362.1746293	238.2036474	338.9785832	250.3617021	385.3706755	278.5683891	0	481	0	481	0	481	0	481	0	481	0	481	0	481	0	481	0	481	0	481
18	278.4588623	247.082489	309.608551	355.8339157	380.7650757	333.1473999	402.0404235	280.2685274	417.6689758	232.0626831	397.3201538	257.1702128	381.1532125	244.0395137	361.4717188	238.6899696	338.9785832	250.3617021	383.261944	278.5683891	0	481	0	481	0	481	0	481	0	481	0	481	0	481	0	481	0	481	0	481
19	279.947113	245.7728882	309.4761353	355.7829132	380.8253174	333.2796021	402.0404235	280.2685274	417.7297668	231.6157074	397.3201538	257.1702128	380.450302	244.5258359	361.4717188	239.662614	338.9785832	250.3617021	383.261944	278.0820669	0	481	0	481	0	481	0	481	0	481	0	481	0	481	0	481	0	481	0	481
20	281.3557434	244.4613342	309.3790894	355.6747055	380.7715454	333.194809	402.0404235	280.2685274	417.7679749	231.4015656	398.0230643	256.6838906	380.450302	245.0121581	361.4717188	239.662614	339.6814937	250.3617021	383.261944	277.1094225	0	481	0	481	0	481	0	481	0	481	0	481	0	481	0	481	0	481	0	481
21	282.7155762	243.1892548	309.2079468	355.6422424	380.8787842	333.2488861	402.0404235	280.2685274	417.8552856	231.1945496	398.0230643	256.1975684	381.1532125	245.0121581	361.4717188	239.662614	342.4931356	249.3890578	383.261944	277.1094225	0	481	0	481	0	481	0	481	0	481	0	481	0	481	0	481	0	481	0	481
22	284.2764282	242.0959015	309.1566467	355.5588455	380.8796387	333.121521	402.0404235	280.2685274	417.9040527	231.0758057	400.1317957	255.7112462	383.261944	244.0395137	363.5804503	238.2036474	343.1960461	247.9300912	383.261944	277.1094225	0	481	0	481	0	481	0	481	0	481	0	481	0	481	0	481	0	481	0	481
23	285.6470337	241.1652679	309.2191772	355.5077362	381.0132446	333.0204315	402.0404235	280.2685274	417.9697876	230.9200745	400.1317957	254.2522796	385.3706755	242.0942249	364.2833608	235.2857143	344.6018671	246.4711246	383.261944	275.6504559	0	481	0	481	0	481	0	481	0	481	0	481	0	481	0	481	0	481	0	481
24	286.7298889	240.3520966	309.1509705	355.4094925	381.1302795	333.0822601	402.0404235	280.2685274	417.9772644	230.8713379	400.1317957	253.7659574	387.4794069	237.7173252	364.2833608	232.3677812	345.3047776	245.4984802	383.261944	274.6778116	0	481	0	481	0	481	0	481	0	481	0	481	0	481	0	481	0	481	0	481
25	287.5740051	239.7257538	309.1279602	355.222374	381.3234863	333.2251282	402.0404235	280.2685274	418.0206604	230.7410889	400.1317957	252.7933131	389.5881384	236.7446809	365.6891818	231.3951368	346.0076881	245.0121581	383.261944	274.6778116	0	481	0	481	0	481	0	481	0	481	0	481	0	481	0	481	0	481	0	481
26	288.3871765	239.1692047	309.2320557	354.9426956	381.4595642	333.1528931	402.0404235	280.2685274	418.0704651	230.7294464	401.5376167	251.3343465	389.5881384	231.881459	366.3920923	228.4772036	346.0076881	244.0395137	384.667765	273.7051672	0	481	0	481	0	481	0	481	0	481	0	481	0	481	0	481	0	481	0	481
27	289.2009583	238.7270508	309.2488708	354.7805099	381.5587463	332.9403381	402.0404235	280.2685274	418.1140442	230.6218414	401.5376167	249.8753799	389.5881384	231.3951368	367.7979132	226.0455927	346.7105986	243.0668693	384.667765	273.7051672	0	481	0	481	0	481	0	481	0	481	0	481	0	481	0	481	0	481	0	481
28	289.7225342	238.3164368	309.1025085	354.6701965	381.6649475	333.1175079	402.0404235	280.2685274	418.1030273	230.5362396	401.5376167	247.9300912	389.5881384	229.449848	368.5008237	222.1550152	347.4135091	241.6079027	385.3706755	272.7325228	0	481	0	481	0	481	0	481	0	481	0	481	0	481	0	481	0	481	0	481