start_frame	hold_position	ramus_mandible	hyoid_burst	ues_closure	at_rest	end_frame																																		
2	2	8	12	15	20	20																																		
FrameNumber	Mandible_x	Mandible_y	Hard_Palate_x	Hard_Palate_y	C1_x	C1_y	C2_x	C2_y	C4_x	C4_y	UES_x	UES_y	PostCric_x	PostCric_y	AntCric_x	AntCric_y	Hyoid_x	Hyoid_y	Valleculae_x	Valleculae_y	Landmark_11_x	Landmark_11_y	Landmark_12_x	Landmark_12_y	Landmark_13_x	Landmark_13_y	Landmark_14_x	Landmark_14_y	Landmark_15_x	Landmark_15_y	Landmark_16_x	Landmark_16_y	Landmark_17_x	Landmark_17_y	Landmark_18_x	Landmark_18_y	Landmark_19_x	Landmark_19_y	Landmark_20_x	Landmark_20_y
1	275	210	332	69	420	97	439	184	457	258	438.315967745875	266.917841621146	430	286	396	301	368	230	396.726059780322	214.97983382458	424.971162901786	166.973356111655	434.878639920315	213.515723482629	0	0	0	0	0	0	0	0	0	0	0	0	0	0	0	0
2	275.026519775391	210.143783569336	331.766967773438	69.3106231689453	420.076019287109	97.0612030029297	438.998748779297	184.33251953125	456.963134765625	258.113006591797	438.315967745875	266.917841621146	430.118682861328	285.840637207031	396.270355224609	300.804473876953	368.884765625	229.927932739258	400.642151288238	214.252563327925	424.971162901786	166.973356111655	434.878639920315	213.515723482629	0	0	0	0	0	0	0	0	0	0	0	0	0	0	0	0
3	274.928771972656	210.250701904297	331.594818115234	69.5190887451172	419.982604980469	97.2003555297852	439.038269042969	184.51301574707	456.821258544922	258.230163574219	438.315967745875	266.917841621146	430.15380859375	285.734222412109	396.416137695312	300.8505859375	369.606719970703	229.908798217773	400.642151288238	212.798022334614	424.971162901786	166.973356111655	434.878639920315	213.515723482629	0	0	0	0	0	0	0	0	0	0	0	0	0	0	0	0
4	274.615966796875	210.160690307617	331.61962890625	69.5533065795898	420.078277587891	97.23828125	438.824645996094	184.481887817383	456.479675292969	258.049285888672	438.315967745875	265.946184682295	430.042907714844	285.650787353516	396.382385253906	300.750640869141	369.774230957031	229.94026184082	402.600197042196	212.070751837959	424.971162901786	166.973356111655	434.878639920315	213.515723482629	0	0	0	0	0	0	0	0	0	0	0	0	0	0	0	0
5	274.400939941406	209.953567504883	331.469696044922	69.3686218261719	419.849792480469	97.2006530761719	438.662231445312	184.354797363281	456.347442626953	258.011077880859	438.315967745875	265.622299036011	429.850219726562	285.603637695312	396.398345947266	300.8427734375	369.708953857422	230.007171630859	402.600197042196	212.070751837959	424.971162901786	166.973356111655	434.878639920315	213.515723482629	0	0	0	0	0	0	0	0	0	0	0	0	0	0	0	0
6	273.986785888672	209.790344238281	331.40283203125	69.2193756103516	419.721740722656	97.1667175292969	438.357177734375	184.40983581543	456.194793701172	257.973541259766	437.811800276293	264.974527743443	429.551055908203	285.271942138672	396.2568359375	300.860076904297	369.44140625	229.847717285156	402.600197042196	212.070751837959	425.631661369687	169.088918264881	432.897144516609	213.515723482629	0	0	0	0	0	0	0	0	0	0	0	0	0	0	0	0
7	273.390899658203	209.630386352539	331.247955322266	69.2284851074219	419.141723632812	97.1335296630859	437.945526123047	184.765090942383	456.035339355469	257.974884033203	436.80346533713	262.707328219457	429.275848388672	285.254241943359	395.953552246094	300.585021972656	368.980834960938	229.624328613281	402.600197042196	212.070751837959	423.650165965982	169.088918264881	432.897144516609	213.515723482629	0	0	0	0	0	0	0	0	0	0	0	0	0	0	0	0
8	272.782379150391	209.704681396484	330.582275390625	69.209831237793	418.776641845703	97.3290023803711	437.702941894531	184.545257568359	455.835205078125	257.801116943359	436.299297867548	259.792357402903	429.360155679619	284.797801503492	395.639617919922	300.013641357422	366.050009634983	225.88889127441	402.600197042196	212.070751837959	421.668670562276	169.088918264881	432.897144516609	214.926098251447	0	0	0	0	0	0	0	0	0	0	0	0	0	0	0	0
9	272.252746582031	209.674530029297	329.917022705078	69.1107864379883	418.119750976562	97.2978744506836	437.424194335938	184.215621948242	455.626098632812	257.903533935547	434.786795458802	256.87738658635	428.054791843647	283.343260510181	394.768014026365	297.888670443288	362.786600045054	225.161620777755	402.600197042196	212.070751837959	421.668670562276	169.088918264881	432.897144516609	214.220910867038	0	0	0	0	0	0	0	0	0	0	0	0	0	0	0	0
10	271.040252685547	209.490768432617	329.309448242188	68.9604034423828	417.606628417969	97.5166625976562	437.059234619141	183.900588989258	454.814750481071	260.070604617211	431.257623171728	253.314644477228	426.09674608969	279.706908026905	392.809968272407	297.161399946632	353.649053193251	223.707079784444	402.600197042196	212.070751837959	421.008172094374	170.499293033698	431.576147580805	213.515723482629	0	0	0	0	0	0	0	0	0	0	0	0	0	0	0	0
11	270.003387451172	209.20329284668	328.74609375	69.0287475585938	417.103942871094	97.6584930419922	437.19233869545	183.707202468401	454.814750481071	260.070604617211	429.2409532934	249.428016721823	420.222608827816	272.434203060351	390.851922518449	294.252317960011	351.691007439293	224.4343502811	401.94751512421	212.070751837959	421.008172094374	170.499293033698	430.915649112903	211.400161329403	0	0	0	0	0	0	0	0	0	0	0	0	0	0	0	0
12	269.327087402344	208.769348144531	328.120819091797	68.9463653564453	416.660308837891	97.8732604980469	437.19233869545	183.707202468401	454.814750481071	260.070604617211	428.736785823818	247.160817197837	414.348471565943	265.161498093798	386.935831010533	287.706883490113	347.774915931377	221.525268294478	398.031423616294	209.161669851338	421.008172094374	170.499293033698	428.934153709197	207.169037022951	0	0	0	0	0	0	0	0	0	0	0	0	0	0	0	0
13	268.834747314453	208.563278198242	327.894775390625	68.8919525146484	416.049621582031	97.9744415283203	437.19233869545	183.707202468401	454.814750481071	259.343334120555	427.224283415072	243.274189442432	412.390425811985	262.979686603832	383.019739502618	281.888719516871	343.858824423462	220.797997797823	392.809968272407	210.616210844648	421.008172094374	170.499293033698	427.613156773393	202.937912716499	0	0	0	0	0	0	0	0	0	0	0	0	0	0	0	0
14	268.687072753906	208.353012084961	327.797821044922	68.8739929199219	416.019348144531	98.0156326293945	435.234292941493	184.434472965056	454.814750481071	259.343334120555	428.232618354236	242.950303796148	406.516288550111	259.343334120555	378.450966076716	275.343285046972	341.248096751518	220.070727301168	388.893876764491	210.616210844648	421.008172094374	170.499293033698	428.934153709197	198.706788410046	0	0	0	0	0	0	0	0	0	0	0	0	0	0	0	0
15	268.593353271484	208.307922363281	327.907745361328	69.0705413818359	416.095550537109	97.8901519775391	435.234292941493	184.434472965056	452.856704727113	259.343334120555	428.232618354236	242.626418149865	404.558242796154	257.161522630589	373.882192650815	271.706932563696	337.984687161588	220.070727301168	390.199240600463	211.343481341304	421.008172094374	170.499293033698	427.613156773393	195.180851488003	0	0	0	0	0	0	0	0	0	0	0	0	0	0	0	0
16	268.517425537109	208.340087890625	327.705902099609	69.152099609375	415.973999023438	97.8759307861328	435.234292941493	184.434472965056	452.856704727113	259.343334120555	427.728450884654	242.950303796148	400.642151288238	254.252440643968	370.618783060885	270.979662067041	336.02664140763	220.070727301168	392.809968272407	211.343481341304	421.008172094374	170.499293033698	427.613156773393	194.475664103594	0	0	0	0	0	0	0	0	0	0	0	0	0	0	0	0
17	268.379852294922	208.262741088867	327.528717041016	69.2895812988281	415.958282470703	97.8031387329102	435.234292941493	184.434472965056	452.856704727113	259.343334120555	427.224283415072	242.950303796148	400.642151288238	254.252440643968	370.618783060885	270.979662067041	334.721277571659	220.070727301168	398.031423616294	210.616210844648	421.008172094374	170.499293033698	427.613156773393	194.475664103594	0	0	0	0	0	0	0	0	0	0	0	0	0	0	0	0
18	268.266235351562	208.349380493164	327.581268310547	69.1375274658203	415.708923339844	97.6836624145508	435.234292941493	184.434472965056	452.856704727113	259.343334120555	427.224283415072	242.950303796148	400.642151288238	254.252440643968	370.618783060885	270.979662067041	334.721277571659	220.070727301168	397.890725717806	211.400161329403	419.68717515857	171.204480418107	427.613156773393	194.475664103594	0	0	0	0	0	0	0	0	0	0	0	0	0	0	0	0
19	268.296417236328	208.267990112305	327.497528076172	69.1811828613281	415.745361328125	97.9902114868164	435.234292941493	184.434472965056	452.856704727113	259.343334120555	427.224283415072	242.950303796148	400.642151288238	254.252440643968	370.618783060885	270.979662067041	333.415913735687	220.070727301168	405.816707332629	212.105348713812	419.68717515857	171.204480418107	425.631661369687	194.475664103594	0	0	0	0	0	0	0	0	0	0	0	0	0	0	0	0
20	268.272521972656	208.228530883789	327.432739257812	69.1391143798828	415.712615966797	97.9051895141602	435.234292941493	184.434472965056	452.856704727113	259.343334120555	427.224283415072	242.950303796148	400.642151288238	254.252440643968	370.618783060885	270.979662067041	333.415913735687	220.070727301168	411.761193543747	212.105348713812	419.68717515857	171.204480418107	423.650165965982	194.475664103594	0	0	0	0	0	0	0	0	0	0	0	0	0	0	0	0
21	268.080535888672	208.11442565918	327.447662353516	68.9467544555664	415.73779296875	97.8296737670898	435.234292941493	184.434472965056	451.551340891141	259.343334120555	427.224283415072	242.950303796148	400.642151288238	254.252440643968	370.618783060885	270.979662067041	332.763231817701	221.525268294478	413.082190479551	211.400161329403	419.68717515857	171.204480418107	423.650165965982	194.475664103594	0	0	0	0	0	0	0	0	0	0	0	0	0	0	0	0
22	0	0	0	0	0	0	0	0	0	0	0	0	0	0	0	0	0	0	0	0	0	0	0	0	0	0	0	0	0	0	0	0	0	0	0	0	0	0	0	0
23	0	0	0	0	0	0	0	0	0	0	0	0	0	0	0	0	0	0	0	0	0	0	0	0	0	0	0	0	0	0	0	0	0	0	0	0	0	0	0	0
24	0	0	0	0	0	0	0	0	0	0	0	0	0	0	0	0	0	0	0	0	0	0	0	0	0	0	0	0	0	0	0	0	0	0	0	0	0	0	0	0
25	0	0	0	0	0	0	0	0	0	0	0	0	0	0	0	0	0	0	0	0	0	0	0	0	0	0	0	0	0	0	0	0	0	0	0	0	0	0	0	0
26	0	0	0	0	0	0	0	0	0	0	0	0	0	0	0	0	0	0	0	0	0	0	0	0	0	0	0	0	0	0	0	0	0	0	0	0	0	0	0	0
27	0	0	0	0	0	0	0	0	0	0	0	0	0	0	0	0	0	0	0	0	0	0	0	0	0	0	0	0	0	0	0	0	0	0	0	0	0	0	0	0
28	0	0	0	0	0	0	0	0	0	0	0	0	0	0	0	0	0	0	0	0	0	0	0	0	0	0	0	0	0	0	0	0	0	0	0	0	0	0	0	0
29	0	0	0	0	0	0	0	0	0	0	0	0	0	0	0	0	0	0	0	0	0	0	0	0	0	0	0	0	0	0	0	0	0	0	0	0	0	0	0	0
30	0	0	0	0	0	0	0	0	0	0	0	0	0	0	0	0	0	0	0	0	0	0	0	0	0	0	0	0	0	0	0	0	0	0	0	0	0	0	0	0
31	0	0	0	0	0	0	0	0	0	0	0	0	0	0	0	0	0	0	0	0	0	0	0	0	0	0	0	0	0	0	0	0	0	0	0	0	0	0	0	0
32	0	0	0	0	0	0	0	0	0	0	0	0	0	0	0	0	0	0	0	0	0	0	0	0	0	0	0	0	0	0	0	0	0	0	0	0	0	0	0	0
33	0	0	0	0	0	0	0	0	0	0	0	0	0	0	0	0	0	0	0	0	0	0	0	0	0	0	0	0	0	0	0	0	0	0	0	0	0	0	0	0
34	0	0	0	0	0	0	0	0	0	0	0	0	0	0	0	0	0	0	0	0	0	0	0	0	0	0	0	0	0	0	0	0	0	0	0	0	0	0	0	0
35	0	0	0	0	0	0	0	0	0	0	0	0	0	0	0	0	0	0	0	0	0	0	0	0	0	0	0	0	0	0	0	0	0	0	0	0	0	0	0	0
36	0	0	0	0	0	0	0	0	0	0	0	0	0	0	0	0	0	0	0	0	0	0	0	0	0	0	0	0	0	0	0	0	0	0	0	0	0	0	0	0
37	0	0	0	0	0	0	0	0	0	0	0	0	0	0	0	0	0	0	0	0	0	0	0	0	0	0	0	0	0	0	0	0	0	0	0	0	0	0	0	0
38	0	0	0	0	0	0	0	0	0	0	0	0	0	0	0	0	0	0	0	0	0	0	0	0	0	0	0	0	0	0	0	0	0	0	0	0	0	0	0	0
39	0	0	0	0	0	0	0	0	0	0	0	0	0	0	0	0	0	0	0	0	0	0	0	0	0	0	0	0	0	0	0	0	0	0	0	0	0	0	0	0
40	0	0	0	0	0	0	0	0	0	0	0	0	0	0	0	0	0	0	0	0	0	0	0	0	0	0	0	0	0	0	0	0	0	0	0	0	0	0	0	0
41	0	0	0	0	0	0	0	0	0	0	0	0	0	0	0	0	0	0	0	0	0	0	0	0	0	0	0	0	0	0	0	0	0	0	0	0	0	0	0	0
42	0	0	0	0	0	0	0	0	0	0	0	0	0	0	0	0	0	0	0	0	0	0	0	0	0	0	0	0	0	0	0	0	0	0	0	0	0	0	0	0
43	0	0	0	0	0	0	0	0	0	0	0	0	0	0	0	0	0	0	0	0	0	0	0	0	0	0	0	0	0	0	0	0	0	0	0	0	0	0	0	0
44	0	0	0	0	0	0	0	0	0	0	0	0	0	0	0	0	0	0	0	0	0	0	0	0	0	0	0	0	0	0	0	0	0	0	0	0	0	0	0	0
45	0	0	0	0	0	0	0	0	0	0	0	0	0	0	0	0	0	0	0	0	0	0	0	0	0	0	0	0	0	0	0	0	0	0	0	0	0	0	0	0
46	0	0	0	0	0	0	0	0	0	0	0	0	0	0	0	0	0	0	0	0	0	0	0	0	0	0	0	0	0	0	0	0	0	0	0	0	0	0	0	0
47	0	0	0	0	0	0	0	0	0	0	0	0	0	0	0	0	0	0	0	0	0	0	0	0	0	0	0	0	0	0	0	0	0	0	0	0	0	0	0	0
48	0	0	0	0	0	0	0	0	0	0	0	0	0	0	0	0	0	0	0	0	0	0	0	0	0	0	0	0	0	0	0	0	0	0	0	0	0	0	0	0
49	0	0	0	0	0	0	0	0	0	0	0	0	0	0	0	0	0	0	0	0	0	0	0	0	0	0	0	0	0	0	0	0	0	0	0	0	0	0	0	0
