start_frame	hold_position	ramus_mandible	hyoid_burst	ues_closure	at_rest	end_frame	point1_x	point1_y	point2_x	point2_y	pixelspercm																													
1	1	9	12	19	21	21	403.741007194245	248.920863309352	436.546762589928	228.201438848921	34.6436871339838																													
FrameNumber	Mandible_x	Mandible_y	Hard_Palate_x	Hard_Palate_y	C1_x	C1_y	C2_x	C2_y	C4_x	C4_y	UES_x	UES_y	PostCric_x	PostCric_y	AntCric_x	AntCric_y	Hyoid_x	Hyoid_y	Valleculae_x	Valleculae_y	Landmark_11_x	Landmark_11_y	Landmark_12_x	Landmark_12_y	Landmark_13_x	Landmark_13_y	Landmark_14_x	Landmark_14_y	Landmark_15_x	Landmark_15_y	Landmark_16_x	Landmark_16_y	Landmark_17_x	Landmark_17_y	Landmark_18_x	Landmark_18_y	Landmark_19_x	Landmark_19_y	Landmark_20_x	Landmark_20_y
1	218	255	260	381	328.222142006085	350.736137479642	345.076360636072	278.171030637251	364.105317153799	211.767112111667	356.493734546708	192.598970681601	345.076360636072	178.907441088697	315.173714679643	172.061676292245	286	236	320.610559398994	249.418818492153	335.905810573512	299.732245331109	343.034504096904	251.555727653884	0	481	0	481	0	481	0	481	0	481	0	481	0	481	0	481
2	218.403350830078	255.236877441406	260.044372558594	380.735725402832	328.222142006085	350.736137479642	345.076360636072	278.171030637251	364.105317153799	211.767112111667	355.950050074773	193.283547161247	345.076360636072	178.907441088697	315.173714679643	172.061676292245	286.482971191406	236.162704467773	320.610559398994	249.418818492153	335.905810573512	299.732245331109	343.034504096904	251.555727653884	0	481	0	481	0	481	0	481	0	481	0	481	0	481	0	481
3	218.66015625	255.425369262695	260.262817382812	380.634506225586	328.222142006085	350.736137479642	345.076360636072	278.171030637251	364.105317153799	211.767112111667	354.862681130903	196.021853079827	345.076360636072	179.592017568343	315.173714679643	172.061676292245	287.097473144531	236.454772949219	320.610559398994	249.418818492153	335.905810573512	299.732245331109	344.222619684135	252.15049947706	0	481	0	481	0	481	0	481	0	481	0	481	0	481	0	481
4	219.184744700081	254.903527470472	260.528503417969	380.879440307617	328.222142006085	350.736137479642	345.076360636072	278.171030637251	364.105317153799	211.767112111667	354.862681130903	196.706429559473	345.076360636072	179.592017568343	315.173714679643	172.061676292245	287.695434570312	236.931182861328	322.241612814799	250.103394971798	335.905810573512	299.732245331109	344.816677477751	253.340043123411	0	481	0	481	0	481	0	481	0	481	0	481	0	481	0	481
5	219.453231811523	256.120239257812	260.822540283203	381.239959716797	328.222142006085	350.736137479642	345.076360636072	278.171030637251	364.105317153799	211.767112111667	354.318996658968	204.23677083557	345.076360636072	179.592017568343	315.173714679643	172.061676292245	288.244873046875	237.882949829102	323.328981758669	251.472547931088	335.905810573512	299.732245331109	344.816677477751	256.313902239289	0	481	0	481	0	481	0	481	0	481	0	481	0	481	0	481
6	219.649230957031	256.463623046875	260.763244628906	381.593040466309	328.222142006085	350.736137479642	345.076360636072	278.171030637251	364.105317153799	211.767112111667	351.600574299292	213.820841550603	345.076360636072	183.699476446214	315.173714679643	180.276594047988	287.989491082891	239.150171297475	324.960035174475	256.264583288605	334.123637192664	302.111332623811	343.034504096904	259.882533178343	0	481	0	481	0	481	0	481	0	481	0	481	0	481	0	481
7	219.618804931641	256.832321166992	260.926483154297	381.926818847656	328.222142006085	350.736137479642	346.707414051877	278.171030637251	364.105317153799	211.767112111667	349.425836411552	224.774065224926	345.076360636072	190.545241242666	315.173714679643	190.545241242666	287.989491082891	239.150171297475	323.872666230604	256.94915976825	333.529579399048	302.111332623811	341.252330716056	264.640707763748	0	481	0	481	0	481	0	481	0	481	0	481	0	481	0	481
8	219.547973632812	257.305221557617	260.923522949219	382.117729187012	328.222142006085	350.736137479642	346.707414051877	278.171030637251	364.105317153799	211.767112111667	346.707414051877	232.304406501023	341.814253804461	199.444735478053	314.086345735773	193.968123640892	285.271068723215	242.573053695701	323.328981758669	259.002889207186	332.935521605432	302.111332623811	339.470157335208	269.993654172328	0	481	0	481	0	481	0	481	0	481	0	481	0	481	0	481
9	219.501800537109	257.782485961914	261.05810546875	382.29972076416	328.222142006085	350.736137479642	346.707414051877	278.171030637251	364.105317153799	211.767112111667	346.707414051877	237.096441858539	340.183200388656	208.344229713441	314.086345735773	197.391006039118	283.096330835475	243.942206654991	323.328981758669	259.687465686831	335.905810573512	302.706104446987	339.470157335208	272.967513288206	0	481	0	481	0	481	0	481	0	481	0	481	0	481	0	481
10	219.559799194336	258.115264892578	261.149963378906	382.479011535645	328.222142006085	350.736137479642	346.707414051877	278.171030637251	364.105317153799	211.767112111667	345.076360636072	240.519324256765	336.921093557046	215.189994509893	309.736869960293	204.921347315215	279.29053953193	243.942206654991	318.979505983189	256.94915976825	335.311752779896	302.706104446987	341.252330716056	273.562285111382	0	481	0	481	0	481	0	481	0	481	0	481	0	481	0	481
11	219.512084960938	258.381790161133	261.397827148438	382.582565307617	328.222142006085	350.736137479642	346.707414051877	278.171030637251	364.105317153799	211.767112111667	344.532676164137	241.888477216056	333.658986725435	217.928300428474	307.018447600618	208.344229713441	278.20317058806	244.626783134636	317.348452567384	258.31831272754	335.311752779896	302.706104446987	341.252330716056	274.157056934557	0	481	0	481	0	481	0	481	0	481	0	481	0	481	0	481
12	219.432434082031	258.782913208008	261.470977783203	382.39729309082	328.222142006085	350.736137479642	346.707414051877	278.171030637251	364.105317153799	211.767112111667	344.532676164137	241.888477216056	330.396879893825	219.297453387764	305.931078656748	208.344229713441	276.028432700319	245.995936093927	315.717399151579	258.31831272754	332.935521605432	302.111332623811	341.252330716056	275.941372404084	0	481	0	481	0	481	0	481	0	481	0	481	0	481	0	481
13	218.382245575371	258.89615416466	261.683715820312	382.604713439941	328.222142006085	350.736137479642	346.707414051877	278.171030637251	364.105317153799	211.767112111667	345.076360636072	243.257630175346	327.134773062215	219.297453387764	303.212656297072	208.344229713441	273.853694812579	246.680512573572	315.717399151579	259.002889207186	329.965232637353	298.542701684758	341.252330716056	275.941372404084	0	481	0	481	0	481	0	481	0	481	0	481	0	481	0	481
14	218.382245575371	258.89615416466	261.929992675781	382.61100769043	328.222142006085	350.736137479642	348.338467467682	278.855607116896	364.105317153799	211.767112111667	345.076360636072	243.257630175346	325.50371964641	220.666606347055	299.950549465462	211.767112111667	272.766325868709	246.680512573572	315.173714679643	260.372042166476	326.994943669273	296.758386215231	339.470157335208	277.725687873611	0	481	0	481	0	481	0	481	0	481	0	481	0	481	0	481
15	217.980996013017	258.89615416466	262.044189453125	382.697257995605	328.222142006085	350.736137479642	348.338467467682	278.855607116896	366.280055041539	211.767112111667	345.076360636072	243.257630175346	325.50371964641	220.666606347055	298.863180521592	212.451688591312	272.766325868709	247.365089053217	318.435821511254	261.056618646121	327.589001462889	296.758386215231	337.093926160744	277.725687873611	0	481	0	481	0	481	0	481	0	481	0	481	0	481	0	481
16	217.178496888308	259.561591947025	262.106384277344	382.827339172363	328.222142006085	350.736137479642	348.338467467682	278.855607116896	367.911108457344	213.136265070957	345.076360636072	243.257630175346	323.872666230604	221.3511828267	297.232127105787	213.136265070957	268.960534565164	250.787971451443	323.328981758669	261.056618646121	328.183059256505	296.758386215231	335.311752779896	280.104775166314	0	481	0	481	0	481	0	481	0	481	0	481	0	481	0	481
17	217.178496888308	260.22702972939	262.016967773438	382.998748779297	328.222142006085	351.420713959287	348.338467467682	278.855607116896	367.911108457344	213.136265070957	345.076360636072	243.257630175346	322.241612814799	222.72033578599	297.232127105787	213.820841550603	268.960534565164	250.787971451443	322.241612814799	261.056618646121	328.183059256505	296.758386215231	333.529579399048	280.699546989489	0	481	0	481	0	481	0	481	0	481	0	481	0	481	0	481
18	216.375997763598	260.559748620572	261.894104003906	383.113143920898	328.222142006085	351.420713959287	348.338467467682	278.855607116896	368.998477401214	213.820841550603	345.076360636072	243.257630175346	321.697928342864	222.72033578599	297.232127105787	213.820841550603	268.960534565164	250.787971451443	323.328981758669	261.741195125766	328.183059256505	296.758386215231	332.935521605432	280.699546989489	0	481	0	481	0	481	0	481	0	481	0	481	0	481	0	481
19	215.974748201244	260.559748620572	261.716064453125	383.213851928711	328.222142006085	351.420713959287	348.338467467682	278.855607116896	368.998477401214	213.820841550603	345.076360636072	243.257630175346	321.697928342864	222.72033578599	297.232127105787	213.820841550603	268.960534565164	250.787971451443	322.241612814799	261.741195125766	328.183059256505	296.758386215231	332.935521605432	280.699546989489	0	481	0	481	0	481	0	481	0	481	0	481	0	481	0	481
20	215.974748201244	260.559748620572	261.528656005859	383.320556640625	328.222142006085	351.420713959287	348.338467467682	278.855607116896	368.998477401214	213.820841550603	345.076360636072	243.257630175346	321.697928342864	222.72033578599	297.232127105787	213.820841550603	268.960534565164	250.787971451443	322.241612814799	261.741195125766	328.183059256505	296.758386215231	332.935521605432	280.699546989489	0	481	0	481	0	481	0	481	0	481	0	481	0	481	0	481
21	215.974748201244	260.559748620572	261.487854003906	383.291328430176	328.222142006085	351.420713959287	348.338467467682	278.855607116896	368.998477401214	213.820841550603	345.076360636072	243.257630175346	321.697928342864	222.72033578599	297.232127105787	213.820841550603	268.960534565164	250.787971451443	322.241612814799	261.741195125766	329.965232637353	298.542701684758	332.935521605432	280.699546989489	0	481	0	481	0	481	0	481	0	481	0	481	0	481	0	481
22	0	481	0	481	0	481	0	481	0	481	0	481	0	481	0	481	0	481	0	481	0	481	0	481	0	481	0	481	0	481	0	481	0	481	0	481	0	481	0	481
23	0	481	0	481	0	481	0	481	0	481	0	481	0	481	0	481	0	481	0	481	0	481	0	481	0	481	0	481	0	481	0	481	0	481	0	481	0	481	0	481
24	0	481	0	481	0	481	0	481	0	481	0	481	0	481	0	481	0	481	0	481	0	481	0	481	0	481	0	481	0	481	0	481	0	481	0	481	0	481	0	481
25	0	481	0	481	0	481	0	481	0	481	0	481	0	481	0	481	0	481	0	481	0	481	0	481	0	481	0	481	0	481	0	481	0	481	0	481	0	481	0	481
26	0	481	0	481	0	481	0	481	0	481	0	481	0	481	0	481	0	481	0	481	0	481	0	481	0	481	0	481	0	481	0	481	0	481	0	481	0	481	0	481
27	0	481	0	481	0	481	0	481	0	481	0	481	0	481	0	481	0	481	0	481	0	481	0	481	0	481	0	481	0	481	0	481	0	481	0	481	0	481	0	481
28	0	481	0	481	0	481	0	481	0	481	0	481	0	481	0	481	0	481	0	481	0	481	0	481	0	481	0	481	0	481	0	481	0	481	0	481	0	481	0	481
29	0	481	0	481	0	481	0	481	0	481	0	481	0	481	0	481	0	481	0	481	0	481	0	481	0	481	0	481	0	481	0	481	0	481	0	481	0	481	0	481
30	0	481	0	481	0	481	0	481	0	481	0	481	0	481	0	481	0	481	0	481	0	481	0	481	0	481	0	481	0	481	0	481	0	481	0	481	0	481	0	481
31	0	481	0	481	0	481	0	481	0	481	0	481	0	481	0	481	0	481	0	481	0	481	0	481	0	481	0	481	0	481	0	481	0	481	0	481	0	481	0	481
32	0	481	0	481	0	481	0	481	0	481	0	481	0	481	0	481	0	481	0	481	0	481	0	481	0	481	0	481	0	481	0	481	0	481	0	481	0	481	0	481
33	0	481	0	481	0	481	0	481	0	481	0	481	0	481	0	481	0	481	0	481	0	481	0	481	0	481	0	481	0	481	0	481	0	481	0	481	0	481	0	481
34	0	481	0	481	0	481	0	481	0	481	0	481	0	481	0	481	0	481	0	481	0	481	0	481	0	481	0	481	0	481	0	481	0	481	0	481	0	481	0	481
35	0	481	0	481	0	481	0	481	0	481	0	481	0	481	0	481	0	481	0	481	0	481	0	481	0	481	0	481	0	481	0	481	0	481	0	481	0	481	0	481
36	0	481	0	481	0	481	0	481	0	481	0	481	0	481	0	481	0	481	0	481	0	481	0	481	0	481	0	481	0	481	0	481	0	481	0	481	0	481	0	481
37	0	481	0	481	0	481	0	481	0	481	0	481	0	481	0	481	0	481	0	481	0	481	0	481	0	481	0	481	0	481	0	481	0	481	0	481	0	481	0	481
38	0	481	0	481	0	481	0	481	0	481	0	481	0	481	0	481	0	481	0	481	0	481	0	481	0	481	0	481	0	481	0	481	0	481	0	481	0	481	0	481
39	0	481	0	481	0	481	0	481	0	481	0	481	0	481	0	481	0	481	0	481	0	481	0	481	0	481	0	481	0	481	0	481	0	481	0	481	0	481	0	481
40	0	481	0	481	0	481	0	481	0	481	0	481	0	481	0	481	0	481	0	481	0	481	0	481	0	481	0	481	0	481	0	481	0	481	0	481	0	481	0	481
41	0	481	0	481	0	481	0	481	0	481	0	481	0	481	0	481	0	481	0	481	0	481	0	481	0	481	0	481	0	481	0	481	0	481	0	481	0	481	0	481
42	0	481	0	481	0	481	0	481	0	481	0	481	0	481	0	481	0	481	0	481	0	481	0	481	0	481	0	481	0	481	0	481	0	481	0	481	0	481	0	481
43	0	481	0	481	0	481	0	481	0	481	0	481	0	481	0	481	0	481	0	481	0	481	0	481	0	481	0	481	0	481	0	481	0	481	0	481	0	481	0	481
44	0	481	0	481	0	481	0	481	0	481	0	481	0	481	0	481	0	481	0	481	0	481	0	481	0	481	0	481	0	481	0	481	0	481	0	481	0	481	0	481
45	0	481	0	481	0	481	0	481	0	481	0	481	0	481	0	481	0	481	0	481	0	481	0	481	0	481	0	481	0	481	0	481	0	481	0	481	0	481	0	481
46	0	481	0	481	0	481	0	481	0	481	0	481	0	481	0	481	0	481	0	481	0	481	0	481	0	481	0	481	0	481	0	481	0	481	0	481	0	481	0	481
47	0	481	0	481	0	481	0	481	0	481	0	481	0	481	0	481	0	481	0	481	0	481	0	481	0	481	0	481	0	481	0	481	0	481	0	481	0	481	0	481
48	0	481	0	481	0	481	0	481	0	481	0	481	0	481	0	481	0	481	0	481	0	481	0	481	0	481	0	481	0	481	0	481	0	481	0	481	0	481	0	481
49	0	481	0	481	0	481	0	481	0	481	0	481	0	481	0	481	0	481	0	481	0	481	0	481	0	481	0	481	0	481	0	481	0	481	0	481	0	481	0	481
50	0	481	0	481	0	481	0	481	0	481	0	481	0	481	0	481	0	481	0	481	0	481	0	481	0	481	0	481	0	481	0	481	0	481	0	481	0	481	0	481
