start_frame	hold_position	ramus_mandible	hyoid_burst	ues_closure	at_rest	end_frame																																		
																																								
FrameNumber	Mandible_x	Mandible_y	Hard_Palate_x	Hard_Palate_y	C1_x	C1_y	C2_x	C2_y	C4_x	C4_y	UES_x	UES_y	PostCric_x	PostCric_y	AntCric_x	AntCric_y	Hyoid_x	Hyoid_y	Valleculae_x	Valleculae_y	Landmark_11_x	Landmark_11_y	Landmark_12_x	Landmark_12_y	Landmark_13_x	Landmark_13_y	Landmark_14_x	Landmark_14_y	Landmark_15_x	Landmark_15_y	Landmark_16_x	Landmark_16_y	Landmark_17_x	Landmark_17_y	Landmark_18_x	Landmark_18_y	Landmark_19_x	Landmark_19_y	Landmark_20_x	Landmark_20_y
1	272.489815415431	268.575182262354	340	402	419	376	435	294	447.97820051079	213.604427050586	433.6563269272	205.912142951347	423	188	388	168	358	240	390	254	419.519119335376	305.816142755052	427.495090813089	260.336326309804	0	481	0	481	0	481	0	481	0	481	0	481	0	481	0	481
2	271.929168701172	270.08512878418	339.887969970703	401.874847412109	418.852478027344	376.133987426758	434.970397949219	293.970687866211	447.97820051079	213.604427050586	433.6563269272	207.310740060299	422.956146240234	188.184356689453	387.915863037109	168.198913574219	358.18017578125	240.098281860352	390.326690673828	254.332260131836	418.815629842936	305.816142755052	427.495090813089	260.336326309804	0	481	0	481	0	481	0	481	0	481	0	481	0	481	0	481
3	271.779937744141	270.046234130859	339.656890869141	401.853828430176	418.842132568359	375.956527709961	434.758758544922	293.862350463867	447.97820051079	213.604427050586	433.6563269272	208.010038614776	422.818450927734	188.432067871094	387.802368164062	168.375762939453	358.544189453125	240.333648681641	391.032165527344	255.148147583008	418.815629842936	305.816142755052	427.495090813089	260.336326309804	0	481	0	481	0	481	0	481	0	481	0	481	0	481	0	481
4	271.653930664062	269.967742919922	339.438690185547	401.927612304688	418.636688232422	375.951858520508	434.513427734375	293.871185302734	447.97820051079	213.604427050586	433.6563269272	208.010038614776	422.722930908203	188.989135742188	387.840087890625	168.673736572266	359.038879394531	240.737075805664	391.665679931641	255.961715698242	418.815629842936	305.816142755052	427.495090813089	260.336326309804	0	481	0	481	0	481	0	481	0	481	0	481	0	481	0	481
5	271.497314453125	270.069381713867	339.131927490234	401.727127075195	418.502990722656	376.069175720215	434.388610839844	293.736694335938	447.97820051079	213.604427050586	432.974332947029	212.205829941633	422.492797851562	189.411773681641	387.998840332031	168.8134765625	360.000977068739	240.177772120684	392.909057617188	257.170257568359	418.815629842936	305.816142755052	427.495090813089	260.845862218472	0	481	0	481	0	481	0	481	0	481	0	481	0	481	0	481
6	271.323211669922	270.017456054688	338.719543457031	401.596862792969	418.351715087891	376.002624511719	434.039459228516	292.364181518555	447.97820051079	213.604427050586	431.610344986687	214.303725605062	422.218017578125	190.269439697266	388.088470458984	169.33837890625	360.68297104891	241.576369229637	393.547973632812	257.743728637695	419.49825803247	305.685022181222	426.961968627714	261.355398127139	0	481	0	481	0	481	0	481	0	481	0	481	0	481	0	481
7	270.9326171875	270.091995239258	338.543151855469	401.743293762207	418.296173095703	376.163612365723	433.995758056641	291.328689575195	447.97820051079	213.604427050586	428.882369066004	217.800218377443	421.865478515625	191.202301025391	388.063201904297	169.797515869141	362.046959009252	242.275667784113	394.100676077286	257.660235982591	420.564502403219	305.685022181222	426.961968627714	261.864934035807	0	481	0	481	0	481	0	481	0	481	0	481	0	481	0	481
8	270.669525146484	270.301803588867	338.418426513672	401.797416687012	417.974822998047	376.2001953125	434.073913574219	291.083236694336	447.97820051079	215.003024159538	427.518381105662	221.296711149825	421.352722167969	192.565887451172	387.975982666016	170.834808349609	362.046959009252	242.275667784113	394.782670057457	259.75813164602	420.564502403219	305.685022181222	424.296357700841	266.450757213815	0	481	0	481	0	481	0	481	0	481	0	481	0	481	0	481
9	270.448608398438	270.360061645508	338.413940429688	401.731262207031	417.900817871094	376.111358642578	434.167602539062	290.159439086914	447.97820051079	215.003024159538	427.518381105662	222.695308258777	420.893218994141	193.963836669922	388.033966064453	171.396270751953	364.092940949765	245.072862002018	396.82865199797	261.856027309449	419.49825803247	305.685022181222	423.763235515467	266.960293122483	0	481	0	481	0	481	0	481	0	481	0	481	0	481	0	481
10	270.249694824219	270.281295776367	338.142425537109	401.895446777344	417.501861572266	375.820114135742	434.245452880859	289.344909667969	447.97820051079	215.003024159538	427.518381105662	222.695308258777	420.875427246094	194.552459716797	388.157440185547	171.752960205078	366.820916870449	247.870056219923	398.874633938483	263.254624418401	416.299524920223	305.175486272554	423.763235515467	266.960293122483	0	481	0	481	0	481	0	481	0	481	0	481	0	481	0	481
11	270.201843261719	270.454620361328	338.220428466797	402.009826660156	417.502960205078	375.726181030273	434.164398193359	289.77067565918	447.97820051079	215.003024159538	427.518381105662	222.695308258777	421.058532714844	194.910522460938	388.588287353516	171.973785400391	366.820916870449	247.870056219923	400.238621898825	264.653221527354	416.299524920223	305.175486272554	423.763235515467	266.960293122483	0	481	0	481	0	481	0	481	0	481	0	481	0	481	0	481
12	270.066680908203	270.740921020508	338.170471191406	402.094299316406	417.411804199219	375.623268127441	433.426849365234	290.992218017578	447.97820051079	215.003024159538	427.518381105662	222.695308258777	421.161987304688	195.373992919922	389.073150634766	172.129547119141	366.820916870449	247.870056219923	400.238621898825	264.653221527354	416.299524920223	305.175486272554	422.696991144718	268.998436757153	0	481	0	481	0	481	0	481	0	481	0	481	0	481	0	481
13	269.811431884766	271.284927368164	338.330352783203	402.489059448242	417.564208984375	375.745803833008	433.357452392578	291.664413452148	447.97820051079	215.003024159538	427.518381105662	222.695308258777	421.350402832031	196.753356933594	389.476806640625	172.728210449219	364.092940949765	247.870056219923	400.920615878995	265.35252008183	416.299524920223	305.175486272554	423.763235515467	270.017508574489	0	481	0	481	0	481	0	481	0	481	0	481	0	481	0	481
14	269.701812744141	271.811828613281	338.456146240234	402.634155273438	417.440734863281	375.672729492188	432.974332947029	291.925865151929	447.97820051079	215.003024159538	427.518381105662	222.695308258777	419.334453343611	196.821261743155	388.644724235919	174.443707999914	362.046959009252	249.268653328876	398.874633938483	267.450415745259	416.299524920223	305.175486272554	423.763235515467	272.565188117827	0	481	0	481	0	481	0	481	0	481	0	481	0	481	0	481
15	269.580444335938	272.228713989258	338.606689453125	403.133499145508	417.764190673828	375.738372802734	432.974332947029	291.925865151929	447.97820051079	215.003024159538	427.518381105662	226.191801031159	419.334453343611	200.317754515536	387.280736275577	178.639499326772	357.273001148056	253.464444655734	396.82865199797	268.849012854212	419.49825803247	305.175486272554	422.696991144718	274.09379584383	0	481	0	481	0	481	0	481	0	481	0	481	0	481	0	481
16	269.52490234375	272.435241699219	338.808197021484	403.452362060547	417.832244873047	375.572578430176	432.974332947029	291.925865151929	447.97820051079	215.003024159538	426.836387125491	229.68829380354	417.288471403098	210.107934278204	384.552760354893	187.031081980487	355.227019207543	254.16374321021	396.82865199797	267.450415745259	419.49825803247	306.194558089889	424.296357700841	275.112867661165	0	481	0	481	0	481	0	481	0	481	0	481	0	481	0	481
17	269.498107910156	272.761932373047	338.853485107422	403.581466674805	417.949920654297	375.518432617188	432.974332947029	291.925865151929	447.97820051079	215.003024159538	425.472399165149	233.884085130398	414.560495482414	212.90512849611	379.778802493697	198.219858852108	344.315115524808	257.660235982591	396.82865199797	265.35252008183	420.564502403219	306.704093998557	425.895724256965	277.151011295835	0	481	0	481	0	481	0	481	0	481	0	481	0	481	0	481
18	269.448547363281	272.918991088867	339.105682373047	403.596588134766	418.254364013672	375.582092285156	432.974332947029	291.925865151929	447.97820051079	215.003024159538	423.426417224636	238.779175011732	411.150525581559	217.800218377443	377.050826573013	201.716351624489	340.905145623953	258.359534537068	398.192639958312	262.555325863925	420.564502403219	306.704093998557	426.961968627714	278.170083113171	0	481	0	481	0	481	0	481	0	481	0	481	0	481	0	481
19	269.402099609375	273.139526367188	338.990539550781	403.647430419922	418.255920410156	375.729667663574	432.974332947029	291.925865151929	449.342188471132	215.702322714015	423.426417224636	240.177772120684	408.422549660876	219.198815486396	375.0048446325	203.114948733442	340.223151643782	259.058833091544	401.632898990091	262.764379326526	419.49825803247	306.704093998557	426.961968627714	279.698690839173	0	481	0	481	0	481	0	481	0	481	0	481	0	481	0	481
20	269.312622070312	273.191925048828	338.990234375	403.718475341797	418.484649658203	375.645729064941	435.020314887542	292.625163706405	450.024182451303	215.702322714015	424.790405184978	240.177772120684	407.058561700534	219.198815486396	372.276868711816	205.912142951347	340.223151643782	259.058833091544	407.401512828098	262.062136357084	419.49825803247	306.194558089889	427.495090813089	283.265442199847	0	481	0	481	0	481	0	481	0	481	0	481	0	481	0	481
21	269.360168457031	273.313247680664	339.125061035156	403.829315185547	418.484161376953	375.711715698242	435.020314887542	292.625163706405	450.024182451303	215.702322714015	424.790405184978	240.177772120684	405.012579760021	218.49951693192	371.594874731645	208.010038614776	337.495175723099	257.660235982591	413.170126666106	260.657650418199	417.898891476346	305.685022181222	425.895724256965	282.755906291179	0	481	0	481	0	481	0	481	0	481	0	481	0	481	0	481
22	269.299377441406	273.497039794922	339.282318115234	404.012176513672	418.408020019531	375.83349609375	435.020314887542	292.625163706405	450.024182451303	215.702322714015	424.790405184978	240.177772120684	405.012579760021	218.49951693192	370.230886771303	208.010038614776	338.17716970327	258.359534537068	415.092997945442	258.550921509872	417.898891476346	305.685022181222	422.696991144718	282.755906291179	0	481	0	481	0	481	0	481	0	481	0	481	0	481	0	481
23	269.310913085938	273.514099121094	339.29052734375	404.159469604492	418.6572265625	375.769493103027	435.020314887542	292.625163706405	450.024182451303	215.702322714015	424.790405184978	240.177772120684	405.012579760021	218.49951693192	370.230886771303	208.010038614776	337.495175723099	256.960937428115	415.092997945442	257.146435570987	417.365769290972	305.175486272554	419.49825803247	281.736834473844	0	481	0	481	0	481	0	481	0	481	0	481	0	481	0	481
24	269.279449462891	273.648223876953	339.340545654297	404.43473815918	418.722778320312	375.757820129395	435.020314887542	292.625163706405	450.024182451303	215.702322714015	424.790405184978	240.177772120684	404.33058577985	217.800218377443	370.230886771303	208.010038614776	337.495175723099	254.863041764686	415.092997945442	257.146435570987	416.299524920223	304.665950363887	419.49825803247	282.755906291179	0	481	0	481	0	481	0	481	0	481	0	481	0	481	0	481
25	269.195037841797	273.794937133789	339.444488525391	404.559440612793	418.924072265625	375.753120422363	435.020314887542	292.625163706405	450.024182451303	215.702322714015	424.790405184978	240.177772120684	404.33058577985	217.800218377443	369.548892791133	208.709337169252	336.813181742928	254.863041764686	415.092997945442	257.146435570987	416.299524920223	304.665950363887	417.365769290972	283.265442199847	0	481	0	481	0	481	0	481	0	481	0	481	0	481	0	481
26	269.262268066406	273.981903076172	339.428985595703	404.620239257813	418.835723876953	375.975776672363	435.020314887542	292.625163706405	450.024182451303	215.702322714015	426.836387125491	238.079876457255	404.33058577985	217.800218377443	369.548892791133	208.709337169252	336.813181742928	254.863041764686	415.092997945442	259.253164479314	416.299524920223	305.685022181222	416.299524920223	283.774978108514	0	481	0	481	0	481	0	481	0	481	0	481	0	481	0	481
27	269.141418457031	274.247756958008	339.564392089844	404.562698364258	418.784851074219	376.080009460449	435.020314887542	292.625163706405	450.024182451303	215.702322714015	426.836387125491	235.981980793827	404.33058577985	217.800218377443	369.548892791133	208.709337169252	336.813181742928	254.863041764686	417.015869224777	257.848678540429	416.299524920223	305.685022181222	416.299524920223	283.774978108514	0	481	0	481	0	481	0	481	0	481	0	481	0	481	0	481
28	269.132690429688	274.289749145508	339.587310791016	404.635803222656	419.0498046875	376.159355163574	435.020314887542	292.625163706405	450.024182451303	215.702322714015	426.836387125491	235.981980793827	404.33058577985	217.800218377443	369.548892791133	209.408635723728	336.813181742928	254.863041764686	417.015869224777	258.550921509872	416.299524920223	305.685022181222	416.299524920223	283.774978108514	0	481	0	481	0	481	0	481	0	481	0	481	0	481	0	481
29	269.089660644531	274.357711791992	339.639831542969	404.719650268555	419.052276611328	376.174278259277	435.020314887542	292.625163706405	450.024182451303	215.702322714015	426.836387125491	233.884085130398	404.33058577985	217.800218377443	369.548892791133	209.408635723728	336.813181742928	254.863041764686	417.015869224777	257.848678540429	416.299524920223	305.685022181222	416.299524920223	283.774978108514	0	481	0	481	0	481	0	481	0	481	0	481	0	481	0	481
30	269.148254394531	274.347457885742	339.701416015625	404.752059936523	419.043823242188	375.987480163574	435.020314887542	292.625163706405	450.024182451303	215.702322714015	426.836387125491	233.884085130398	405.012579760021	215.702322714015	370.230886771303	207.310740060299	336.813181742928	254.16374321021	417.015869224777	257.848678540429	416.299524920223	305.685022181222	416.299524920223	283.774978108514	0	481	0	481	0	481	0	481	0	481	0	481	0	481	0	481
31	0	481	0	481	0	481	0	481	0	481	0	481	0	481	0	481	0	481	0	481	0	481	0	481	0	481	0	481	0	481	0	481	0	481	0	481	0	481	0	481
32	0	481	0	481	0	481	0	481	0	481	0	481	0	481	0	481	0	481	0	481	0	481	0	481	0	481	0	481	0	481	0	481	0	481	0	481	0	481	0	481
33	0	481	0	481	0	481	0	481	0	481	0	481	0	481	0	481	0	481	0	481	0	481	0	481	0	481	0	481	0	481	0	481	0	481	0	481	0	481	0	481
34	0	481	0	481	0	481	0	481	0	481	0	481	0	481	0	481	0	481	0	481	0	481	0	481	0	481	0	481	0	481	0	481	0	481	0	481	0	481	0	481
35	0	481	0	481	0	481	0	481	0	481	0	481	0	481	0	481	0	481	0	481	0	481	0	481	0	481	0	481	0	481	0	481	0	481	0	481	0	481	0	481
36	0	481	0	481	0	481	0	481	0	481	0	481	0	481	0	481	0	481	0	481	0	481	0	481	0	481	0	481	0	481	0	481	0	481	0	481	0	481	0	481
37	0	481	0	481	0	481	0	481	0	481	0	481	0	481	0	481	0	481	0	481	0	481	0	481	0	481	0	481	0	481	0	481	0	481	0	481	0	481	0	481
38	0	481	0	481	0	481	0	481	0	481	0	481	0	481	0	481	0	481	0	481	0	481	0	481	0	481	0	481	0	481	0	481	0	481	0	481	0	481	0	481
39	0	481	0	481	0	481	0	481	0	481	0	481	0	481	0	481	0	481	0	481	0	481	0	481	0	481	0	481	0	481	0	481	0	481	0	481	0	481	0	481
40	0	481	0	481	0	481	0	481	0	481	0	481	0	481	0	481	0	481	0	481	0	481	0	481	0	481	0	481	0	481	0	481	0	481	0	481	0	481	0	481
41	0	481	0	481	0	481	0	481	0	481	0	481	0	481	0	481	0	481	0	481	0	481	0	481	0	481	0	481	0	481	0	481	0	481	0	481	0	481	0	481
42	0	481	0	481	0	481	0	481	0	481	0	481	0	481	0	481	0	481	0	481	0	481	0	481	0	481	0	481	0	481	0	481	0	481	0	481	0	481	0	481
43	0	481	0	481	0	481	0	481	0	481	0	481	0	481	0	481	0	481	0	481	0	481	0	481	0	481	0	481	0	481	0	481	0	481	0	481	0	481	0	481
44	0	481	0	481	0	481	0	481	0	481	0	481	0	481	0	481	0	481	0	481	0	481	0	481	0	481	0	481	0	481	0	481	0	481	0	481	0	481	0	481
45	0	481	0	481	0	481	0	481	0	481	0	481	0	481	0	481	0	481	0	481	0	481	0	481	0	481	0	481	0	481	0	481	0	481	0	481	0	481	0	481
46	0	481	0	481	0	481	0	481	0	481	0	481	0	481	0	481	0	481	0	481	0	481	0	481	0	481	0	481	0	481	0	481	0	481	0	481	0	481	0	481
47	0	481	0	481	0	481	0	481	0	481	0	481	0	481	0	481	0	481	0	481	0	481	0	481	0	481	0	481	0	481	0	481	0	481	0	481	0	481	0	481
48	0	481	0	481	0	481	0	481	0	481	0	481	0	481	0	481	0	481	0	481	0	481	0	481	0	481	0	481	0	481	0	481	0	481	0	481	0	481	0	481
49	0	481	0	481	0	481	0	481	0	481	0	481	0	481	0	481	0	481	0	481	0	481	0	481	0	481	0	481	0	481	0	481	0	481	0	481	0	481	0	481
50	0	481	0	481	0	481	0	481	0	481	0	481	0	481	0	481	0	481	0	481	0	481	0	481	0	481	0	481	0	481	0	481	0	481	0	481	0	481	0	481
51	0	481	0	481	0	481	0	481	0	481	0	481	0	481	0	481	0	481	0	481	0	481	0	481	0	481	0	481	0	481	0	481	0	481	0	481	0	481	0	481
